CACHE type 5 produced by analog 6.0/Unix. Do not modify or delete!
T	0	0	2919	216	107	463	284844422
D	26356899	26455553
18303	115	11	11	147154
18303	116	1	1	0
18303	118	5	5	73577
18303	119	1	1	71
18303	122	5	5	73577
18303	125	2	2	142
18303	126	1	1	11727
18303	136	1	1	11734
18304	27	1	1	71
18304	32	1	1	36688
18304	34	1	1	36676
18304	35	1	1	71
18304	37	1	1	71
18304	61	2	0	23477
18310	113	1	1	71
18312	103	1	1	297
18312	107	3	3	964
18312	108	1	1	342
18312	109	3	3	997
18312	110	1	1	404
18312	113	2	1	787
18312	114	2	0	14173
18312	115	8	0	15373
18312	116	8	0	43026
18312	117	5	2	15254
18312	120	2	2	1082
18312	121	8	3	208514
18312	122	10	2	162533
18312	123	18	5	48287
18312	124	19	5	81032
18312	125	20	5	67406
18312	126	6	1	16692
18313	59	15	15	242253
18313	63	1	1	1939
18313	66	2	2	3878
18313	67	2	2	24195
18313	74	5	5	80751
18313	78	2	2	0
18313	109	5	1	16258
18313	206	5	1	1939
18314	117	1	1	37461
18314	122	1	1	1939
18314	125	1	1	1939
18314	126	1	1	1939
18314	130	1	1	37473
18317	108	6	1	16601
18317	109	6	0	29677
18317	115	12	0	59828
18317	116	23	0	33594
18317	117	6	0	15417
18317	118	4	0	14959
18317	119	4	1	16438
18317	123	4	0	14961
18317	147	9	1	19520
18317	148	39	0	684889
18317	150	3	0	1389
18317	151	2	0	365
18317	152	1	0	237
18317	153	6	0	890
18317	154	3	0	801
18331	113	5	1	2121
18331	115	6	6	12726
18331	116	5	5	10605
18331	117	22	14	23119
18331	118	19	7	26269
18331	119	9	0	749021
18331	122	13	1	11646
18331	123	4	0	743872
18331	124	3	0	1256
18331	127	13	0	12020
18331	128	19	0	22311
18331	149	3	1	1256
18331	153	6	0	7470
18331	154	5	0	6715
18331	155	1	0	1347
18331	203	9	1	7026
18331	204	3	0	5208
18331	205	7	1	9406
18331	206	6	0	8030
18331	207	9	0	11925
18331	208	5	0	6649
18331	209	4	0	5687
18331	227	5	0	7677
18331	228	1	0	2573
18331	230	3	0	3044
18331	231	1	0	184
18331	232	4	0	5602
18331	233	4	0	5496
18331	235	1	0	207
18331	237	2	0	2235
18332	101	3	1	1256
18332	102	8	0	15924
18332	103	3	0	4547
18332	104	1	0	2172
18332	105	3	0	3175
18332	106	1	0	188
18332	107	3	0	564
18332	189	5	1	4227
18332	191	3	0	498
18332	192	5	0	1433
18332	193	1	0	307
18332	194	3	0	923
18332	195	1	0	270
18332	196	1	0	2858
18332	197	3	0	1061
18332	203	1	0	2994
18332	205	2	0	4074
18332	206	2	0	4105
18332	210	2	0	4035
18332	211	6	0	12346
18332	212	8	0	15890
18333	94	9	1	1070919
18333	102	7	1	5151
18333	103	1	0	2947
18333	108	3	0	8841
18333	109	6	2	14300
18333	110	4	0	5894
18333	111	2	0	5894
18333	113	1	1	1256
18334	107	5	1	6637
18334	109	3	0	5551
18334	172	3	0	4285
18334	173	12	1	32702
18334	174	53	2	7516488
18334	175	18	0	3209580
18334	176	10	0	1074373
18334	177	5	1	741750
18334	179	9	0	938781
18334	180	13	0	1875596
18334	182	2	0	2011
18334	183	12	0	30329
18334	184	8	0	754731
18334	185	2	0	3032
18334	186	1	0	4237
18334	192	7	0	935740
18334	193	11	0	1870520
18334	194	13	0	1103422
18334	195	16	0	3222215
18334	196	2	0	3187
18334	197	9	0	15852
18334	198	9	0	20882
18334	199	6	0	18121
18334	200	1	0	2444
18334	201	13	0	1083144
18334	202	11	0	1078259
18334	203	5	0	28164
18334	204	5	0	1078194
18334	206	4	0	933915
18334	207	36	0	7564521
18334	208	20	0	4314864
18334	209	10	0	2157727
18334	210	17	0	3236907
18334	214	15	0	3236403
18334	215	24	0	5249097
18334	216	15	0	3236187
18334	218	27	0	3404601
18334	219	31	0	5435217
18334	220	40	0	6598543
18334	221	20	0	3305333
18334	226	3	0	9551
18334	227	13	0	2137929
18334	228	35	0	6412553
18334	229	2	0	3499
18334	230	11	0	1079987
18334	231	29	0	3213642
18334	232	31	0	4277052
18334	233	8	0	17119
18334	234	6	0	11665
18334	235	19	0	30428
18334	236	17	0	1084157
18334	237	14	0	1073099
18334	238	44	0	6413662
18334	239	18	0	26946
18334	240	1	0	3030
18334	241	8	1	1074352
18334	242	26	0	4281295
18334	243	6	0	14651
18334	256	19	1	36030
18335	92	3	1	1256
18335	93	9	0	9041
18335	94	16	0	2137362
18335	95	36	0	6400108
18335	96	12	0	2134027
18335	97	12	0	2134086
18335	98	14	0	2136905
18336	91	3	1	1512
18336	99	4	0	5982
18336	108	7	0	1069334
18336	109	6	0	1067299
18336	110	8	0	1067299
18336	123	11	0	1075751
18336	124	12	0	2139192
18336	128	6	0	1069608
18336	130	20	0	3208501
18336	149	1	0	0
18336	173	6	0	1070127
18336	181	12	0	2144586
18336	182	18	0	3216952
18336	183	6	0	1072267
18336	187	6	0	1072447
18336	188	6	0	1072833
18336	189	20	0	3222806
18336	190	6	0	1072033
18336	194	7	0	1074432
18336	195	14	0	2149288
18336	197	7	0	1074650
18336	198	1	1	37473
18336	201	14	0	2149300
18336	209	3	0	8032
18337	92	6	1	8032
18337	95	7	0	1074436
18337	96	16	0	2149099
18337	97	17	0	1088816
18337	98	10	0	1074384
18337	99	15	0	2149131
18337	100	53	0	7529666
18337	101	7	0	32254
18337	102	6	0	34068
18337	103	1	0	6129
18337	104	6	0	73384
18337	105	3	1	40706
18337	106	8	0	1110139
18337	125	1	0	1256
18338	102	6	1	45838
18338	104	14	0	2218229
18338	107	7	0	1109182
18338	108	14	0	2200145
18338	109	21	0	3300238
18338	110	14	0	2200162
18338	113	14	0	2200254
18338	114	30	0	4431350
18338	115	7	0	1097097
18338	116	18	0	2205415
18338	117	1	0	2367
18338	118	10	0	1097762
18338	119	12	0	1654
18338	120	11	0	1188404
18338	121	31	0	3387194
18338	122	6	0	1070346
18338	123	12	0	2140846
18338	127	24	0	3233609
18338	131	7	0	1074157
18338	132	6	0	1070565
18338	167	16	1	786964
18339	93	9	1	11959
18339	98	6	0	19566
18339	159	1	1	37461
18339	209	10	1	24387
18339	211	1	0	3846
18339	214	8	0	1078824
18339	219	8	0	1078218
18339	225	1	0	3846
18339	226	2	0	0
18339	227	6	0	1070983
18339	229	18	0	3213548
18339	231	19	1	1104705
18339	232	5	1	11789
18339	233	6	0	1071179
18340	21	1	1	1256
18340	101	2	1	1256
18340	108	7	0	1072114
18340	109	3	0	10750
18340	113	9	0	1082977
18340	114	3	0	11562
18340	115	2	0	4794
18340	116	16	0	2175987
18340	117	2	0	7708
18340	118	17	0	2183147
18340	119	12	0	1399619
18340	124	16	0	166509
18340	130	10	0	43042
18340	220	13	4	979352
18340	221	37	2	2382408
18340	222	8	0	665137
18340	224	8	0	665128
18340	226	8	1	347136
18340	227	8	0	665133
18341	128	1	1	37473
18343	77	1	1	37461
18344	96	1	1	1290
18345	103	5	1	372250
18345	104	4	0	292452
18347	103	1	1	37473
18347	113	9	1	1362868
18347	114	16	0	2722880
18347	115	35	0	5491765
18347	116	25	2	2741950
18347	117	10	0	1378438
18347	118	57	0	9537615
18347	119	40	0	6113697
18347	120	16	0	2029601
18348	158	1	1	37461
18349	185	1	1	1268
18349	246	1	1	37461
18349	282	1	1	37473
18350	103	22	1	1413004
18350	104	68	0	10908358
18354	54	1	1	1264
18354	182	1	1	12103
18354	207	1	1	1264
18354	229	1	1	1264
18354	247	1	1	1264
18355	26	1	1	37461
18355	43	1	1	37473
18355	60	1	1	12096
18357	63	1	1	1264
18357	141	1	1	37461
18360	150	1	1	1264
18360	170	1	1	37473
18360	204	1	1	37461
18360	216	1	1	37473
18360	228	1	1	37461
18361	193	1	1	37461
18361	250	1	1	37473
18362	147	1	1	1264
18363	106	7	1	1072926
18363	107	6	0	310141
18363	108	14	0	836364
18363	109	2	0	7788
18363	110	13	0	760730
18363	111	12	0	757033
18363	112	6	0	378564
18363	113	37	0	2275385
18363	114	6	0	378657
18363	115	1	0	1264
18363	175	1	1	37461
18363	264	1	1	37473
18364	233	1	1	1264
18367	258	1	1	1264
18368	163	1	1	1264
18371	201	1	1	1264
18371	262	1	1	1264
1	0	0	1	0	0	26402241	0	0	26402241	0	0	/delete.php?delete_note=43&alter=27
1	0	0	2	0	0	26443259	0	0	26402175	0	0	/delete.php?delete_all=26
1	0	0	2	0	0	26410253	0	0	26402175	0	0	/delete.php?delete_all=25
1	0	0	2	0	0	26410223	0	0	26402155	0	0	/delete.php?delete_all=24
1	7	0	0	0	26443261	0	0	26397255	0	0	751704	/Bootstrap/js/bootstrap.js.map
1	1	0	1	0	26402153	26410223	0	26402153	26410223	0	0	/delete.php?delete_all=23
1	5	0	0	0	26402152	0	0	26402147	0	0	308	/delete.php?delete_note=35&alter=23
1	1	0	1	0	26402146	26410223	0	26402146	26410223	0	0	/delete.php?delete_all=22
1	1	0	1	0	26402141	26410223	0	26402141	26410223	0	0	/delete.php?delete_all=21
1	0	0	2	0	0	26410223	0	0	26402140	0	0	/delete.php?delete_all=20
1	0	0	2	0	0	26410223	0	0	26402137	0	0	/delete.php?delete_all=19
1	0	0	2	0	0	26410223	0	0	26402137	0	0	/delete.php?delete_all=18
1	175	0	0	0	26443292	0	0	26399107	0	0	380776	/add_note.js
1	0	0	1	0	0	26402128	0	0	26402128	0	0	/delete.php?delete_note=20&alter=16
1	0	0	1	0	0	26402128	0	0	26402128	0	0	/delete.php?delete_note=19&alter=16
1	61	0	0	0	26397206	0	0	26369861	0	0	23236	/style.css
1	0	0	2	0	0	26410223	0	0	26402135	0	0	/delete.php?delete_all=17
1	0	0	2	0	0	26410223	0	0	26402131	0	0	/delete.php?delete_all=16
1	0	0	2	0	0	26410223	0	0	26402128	0	0	/delete.php?delete_all=15
1	1	0	1	0	26402120	26410223	0	26402120	26410223	0	0	/delete.php?delete_all=14
1	2	0	1	0	26402120	26410223	0	26402120	26410223	0	130	/delete.php?delete_all=13
1	1	0	4	0	26402115	26410223	0	26402115	26402102	0	0	/delete.php?delete_all=12
1	0	0	0	3	0	0	26410704	0	0	26410704	0	/images/background2.png
1	1	0	1	0	26402115	26410223	0	26402115	26410223	0	0	/delete.php?delete_all=11
1	0	0	1	0	0	26405785	0	0	26405785	0	0	/delete.php?delete_note=48&alter=33
1	1	0	1	0	26402115	26410223	0	26402115	26410223	0	0	/delete.php?delete_all=10
1	0	0	1	0	0	26402175	0	0	26402175	0	0	/delete.php?delete_note=41&alter=25
1	2	0	0	0	26402153	0	0	26402153	0	0	62	/delete.php?delete_note=33&alter=23
1	34	0	0	0	26377224	0	0	26369848	0	0	15783	/week1.php
1	0	0	0	15	0	0	26410223	0	0	26410197	0	/images/phphAMPxf
1	0	0	1	0	0	26402128	0	0	26402128	0	0	/delete.php?delete_note=10&alter=16
1	3	0	1	0	26402136	26402137	0	26402135	26402137	0	1013	/delete.php?delete_note=25&alter=18
1	0	0	0	315	0	0	26443292	0	0	26366967	0	/favicon.ico
1	0	0	0	14	0	0	26410223	0	0	26410197	0	/images/phpDhhzp7
1	0	0	0	2	0	0	26397227	0	0	26397226	0	/public_html/css/style.css
1	0	0	0	1	0	0	26369797	0	0	26369797	0	/favicon.ico?45.40.122.212
1	40	0	0	0	26443295	0	0	26397229	0	0	59919	/index.php
1	1	0	0	0	26404491	0	0	26404491	0	0	2	/edit.php?id=
1	1	1	0	0	26397229	0	0	26397229	0	0	636	/10004981.2020.labnet.nz/?C=D;O=A
1	0	0	1	0	0	26402242	0	0	26402242	0	0	/delete.php?delete_note=46&alter=28
1	0	0	1	0	0	26402154	0	0	26402154	0	0	/delete.php?delete_note=38&alter=24
1	3	0	0	0	26402146	0	0	26402141	0	0	170	/delete.php?delete_note=31&alter=22
1	8	8	0	2	26450739	0	26376988	26357899	0	26373845	43915	/?45.40.122.212
1	33	0	0	0	26404707	0	0	26402868	0	0	13893	/edit_listener.js
1	0	0	1	0	0	26402131	0	0	26402131	0	0	/delete.php?delete_note=23&alter=17
1	1	0	0	0	26402120	0	0	26402120	0	0	0	/delete.php?delete_note=15&alter=14
1	3	3	0	0	26397233	0	0	26397228	0	0	1908	/10004981.2020.labnet.nz/
1	280	0	0	0	26443292	0	0	26369885	0	0	50972220	/Bootstrap/css/bootstrap.css
1	259	0	0	0	26443254	0	0	26397235	0	0	176921184	/images/background1.png
1	47	0	0	0	26443256	0	0	26410197	0	0	12192177	/images/Picture1.png
1	1	1	0	0	26397229	0	0	26397229	0	0	636	/10004981.2020.labnet.nz/?C=S;O=A
1	0	0	1	0	0	26410253	0	0	26410253	0	0	/delete.php?delete_note=13&alter=25
1	0	0	0	1	0	0	26405760	0	0	26405760	0	/update_entry.php
1	0	0	1	0	0	26402241	0	0	26402241	0	0	/delete.php?delete_note=44&alter=27
1	2	0	1	0	26402115	26409259	0	26402115	26409259	0	0	/delete.php?delete_all=9
1	2	2	0	1	26399990	0	26375757	26397206	0	26375757	3377	/?185.220.101.74
1	1	0	1	0	26402115	26408627	0	26402115	26408627	0	0	/delete.php?delete_all=8
1	0	0	1	0	0	26402154	0	0	26402154	0	0	/delete.php?delete_note=36&alter=24
1	3	0	1	0	26402115	26407557	0	26402115	26407557	0	0	/delete.php?delete_all=7
1	0	0	1	0	0	26407328	0	0	26407328	0	0	/delete.php?delete_all=6
1	7	0	0	0	26443261	0	0	26397255	0	0	1476144	/Bootstrap/css/bootstrap.css.map
1	0	0	1	0	0	26407328	0	0	26407328	0	0	/delete.php?delete_all=5
1	0	0	1	0	0	26407328	0	0	26407328	0	0	/delete.php?delete_all=4
1	0	0	1	0	0	26402137	0	0	26402137	0	0	/delete.php?delete_note=28&alter=20
1	0	0	1	0	0	26407328	0	0	26407328	0	0	/delete.php?delete_all=3
1	0	0	1	0	0	26407328	0	0	26407328	0	0	/delete.php?delete_all=2
1	0	0	1	0	0	26402128	0	0	26402128	0	0	/delete.php?delete_note=21&alter=16
1	0	0	1	0	0	26407328	0	0	26407328	0	0	/delete.php?delete_all=1
1	119	0	0	0	26443256	0	0	26404746	0	0	95717	/edit_modal_form.js
1	85	0	0	0	26407327	0	0	26397792	0	0	53667	/add_entry.php
1	0	0	1	0	0	26405785	0	0	26405785	0	0	/delete.php?delete_note=49&alter=33
1	0	0	1	0	0	26405785	0	0	26405785	0	0	/delete.php?delete_note=50&alter=33
1	7	7	0	2	26430031	0	26421512	26401498	0	26414012	8842	/?172.20.1.64
1	1	1	0	0	26372746	0	0	26372746	0	0	37461	/?168.90.245.47
1	0	0	1	0	0	26402175	0	0	26402175	0	0	/delete.php?delete_note=42&alter=26
1	1	0	0	0	26402152	0	0	26402152	0	0	31	/delete.php?delete_note=34&alter=23
1	0	0	1	0	0	26402137	0	0	26402137	0	0	/delete.php?delete_note=26&alter=19
1	179	179	0	49	26455553	0	26443899	26356899	0	26356899	1554135	/
1	1	0	0	0	26402121	0	0	26402121	0	0	0	/delete.php?delete_note=18&alter=15
1	0	0	0	1	0	0	26397221	0	0	26397221	0	/week3.php
1	1	1	0	0	26397229	0	0	26397229	0	0	636	/10004981.2020.labnet.nz/?C=N;O=D
1	11	11	0	3	26455245	0	26440296	26402860	0	26411618	86316	/?172.20.1.172
1	0	0	0	19	0	0	26397235	0	0	26397226	0	/public_html/images/background1.png
1	0	0	1	0	0	26402175	0	0	26402175	0	0	/delete.php?delete_note=40&alter=25
1	1	0	0	0	26402154	0	0	26402154	0	0	31	/delete.php?delete_note=39&alter=24
1	2	0	0	0	26402153	0	0	26402153	0	0	26	/delete.php?delete_note=32&alter=23
1	12	0	0	2	26377251	0	26377234	26377236	0	26377233	2293	/vars.php
1	1	0	0	0	26402115	0	0	26402115	0	0	13	/delete.php?delete_note=14
1	1	0	0	0	26402113	0	0	26402113	0	0	13	/delete.php?delete_note=13
1	336	0	0	0	26443292	0	0	26397226	0	0	110426	/css/style.css
1	0	0	1	0	0	26402103	0	0	26402103	0	0	/delete.php?delete_note=12
1	0	0	1	0	0	26402137	0	0	26402137	0	0	/delete.php?delete_note=24&alter=18
1	239	0	0	0	26443292	0	0	26397253	0	0	767822	/createpage.php
1	26	0	0	0	26443292	0	0	26410705	0	0	1174375	/images/background2.jpg
1	507	0	0	0	26443261	0	0	26397253	0	0	4004453	/viewpage.php
1	36	0	0	0	26407318	0	0	26404457	0	0	11682	/edit.php
1	2	0	0	6	26358069	0	26371597	26358069	0	26358069	23477	/dasdasd
1	1	0	0	0	26404491	0	0	26404491	0	0	2	/edit.php?id=31
1	0	0	1	0	0	26402093	0	0	26402093	0	0	/delete.php?delete=6
1	0	0	1	0	0	26402093	0	0	26402093	0	0	/delete.php?delete=5
1	0	0	1	0	0	26402066	0	0	26402066	0	0	/delete.php?delete=4
1	0	0	1	0	0	26402242	0	0	26402242	0	0	/delete.php?delete_note=45&alter=28
1	0	0	1	0	0	26397228	0	0	26397228	0	0	/10004981.2020.labnet.nz
1	0	0	2	0	0	26402066	0	0	26402064	0	0	/delete.php?delete=3
1	0	0	1	0	0	26407293	0	0	26407293	0	0	/delete.php?delete_note=1&alter=1
1	3	0	14	0	26402060	26402066	0	26402010	26402059	0	235	/delete.php?delete=2
1	0	0	1	0	0	26402154	0	0	26402154	0	0	/delete.php?delete_note=37&alter=24
1	3	0	12	0	26402056	26402054	0	26402055	26402053	0	0	/delete.php?=2
1	0	0	1	0	0	26402140	0	0	26402140	0	0	/delete.php?delete_note=30&alter=21
1	27	0	0	22	26377232	0	26377229	26377023	0	26377023	11059	/week2.php
1	0	0	1	0	0	26402131	0	0	26402131	0	0	/delete.php?delete_note=22&alter=17
1	1	1	0	0	26356911	0	0	26356911	0	0	71	/?162.247.74.216
1	267	0	0	0	26443292	0	0	26369890	0	0	33435798	/Bootstrap/js/bootstrap.js
1	60	0	0	0	26397206	0	0	26369851	0	0	606012	/stock1.jpeg
1	0	0	0	3	0	0	26402031	0	0	26402014	0	/delete.php
1	1	1	0	0	26397229	0	0	26397229	0	0	636	/10004981.2020.labnet.nz/?C=M;O=A
1	0	0	0	2	0	0	26397792	0	0	26397792	0	/newQuery.php
1	0	0	1	0	0	26405785	0	0	26405785	0	0	/delete.php?delete_all=33
1	0	0	1	0	0	26405785	0	0	26405785	0	0	/delete.php?delete_all=32
1	0	0	1	0	0	26404785	0	0	26404785	0	0	/delete.php?delete_all=31
1	0	0	1	0	0	26402242	0	0	26402242	0	0	/delete.php?delete_all=30
1	0	0	1	0	0	26402242	0	0	26402242	0	0	/delete.php?delete_all=29
1	0	0	1	0	0	26405784	0	0	26405784	0	0	/delete.php?delete_note=51&alter=32
1	0	0	2	0	0	26443261	0	0	26402242	0	0	/delete.php?delete_all=28
1	0	0	2	0	0	26443259	0	0	26402241	0	0	/delete.php?delete_all=27
3	0	0	0	1	0	0	26402153	0	0	26402153	0	https://10004981.2020.labnet.nz/delete.php?delete_note=32&alter=23
3	0	0	0	1	0	0	26402060	0	0	26402060	0	https://10004981.2020.labnet.nz/delete.php?delete=2
3	561	0	0	56	26443295	0	26443292	26397253	0	26397792	18463469	https://10004981.2020.labnet.nz/createpage.php
3	0	0	0	1	0	0	26402055	0	0	26402055	0	https://10004981.2020.labnet.nz/delete.php?=2
3	1324	0	105	230	26443292	26443261	26424523	26397253	26402053	26401816	78012207	https://10004981.2020.labnet.nz/viewpage.php
3	8	8	0	0	26397251	0	0	26397229	0	0	16163	https://10004981.2020.labnet.nz/10004981.2020.labnet.nz/?C=D;O=A
3	0	0	0	13	0	0	26407318	0	0	26407313	0	https://10004981.2020.labnet.nz/edit.php
3	20	0	0	0	26377097	0	0	26377025	0	0	7608	https://10004981.2020.labnet.nz/week2.php
3	51	0	0	3	26377224	0	26377220	26369851	0	26377220	818393	https://10004981.2020.labnet.nz/week1.php
3	0	0	0	1	0	0	26371031	0	0	26371031	0	https://www.google.com.br/
3	1	1	0	0	26397229	0	0	26397229	0	0	636	https://10004981.2020.labnet.nz/10004981.2020.labnet.nz/
3	0	0	0	1	0	0	26402115	0	0	26402115	0	https://10004981.2020.labnet.nz/delete.php?delete_all=10
3	0	0	0	2	0	0	26402112	0	0	26402112	0	https://10004981.2020.labnet.nz/add_entry.php
3	285	0	0	22	26443292	0	26410704	26397235	0	26397226	178095559	https://10004981.2020.labnet.nz/css/style.css
3	284	2	1	48	26443254	26397228	26443254	26369848	26397228	26366967	4435124	https://10004981.2020.labnet.nz/
3	2	2	0	1	26439543	0	26439548	26439254	0	26439548	74934	http://27.96.64.98/
3	81	1	0	0	26443260	0	0	26397229	0	0	541632	https://10004981.2020.labnet.nz/index.php
3	1	1	0	0	26397229	0	0	26397229	0	0	636	https://10004981.2020.labnet.nz/10004981.2020.labnet.nz/?C=S;O=A
3	0	0	0	1	0	0	26402153	0	0	26402153	0	https://10004981.2020.labnet.nz/delete.php?delete_note=33&alter=23
3	1	1	0	0	26397229	0	0	26397229	0	0	636	https://10004981.2020.labnet.nz/10004981.2020.labnet.nz/?C=N;O=D
3	9	9	0	0	26443254	0	0	26366967	0	0	13588	https://cpanel.labnet.nz:2083/
3	33	0	0	0	26397206	0	0	26369895	0	0	371871	https://10004981.2020.labnet.nz/style.css
3	1	1	0	0	26397229	0	0	26397229	0	0	636	https://10004981.2020.labnet.nz/10004981.2020.labnet.nz/?C=M;O=A
4	1	1	0	0	26371052	0	0	26371052	0	0	1939	Mozilla/5.0 (Windows NT 6.1; WOW64) AppleWebKit/537.36 (KHTML, like Gecko) Chrome/53.0.2785.143 Safari/537.36
4	3	3	0	1	26439483	0	26440296	26439150	0	26440296	76198	https://gdnplus.com:Gather Analyze Provide.
4	1	1	0	0	26371056	0	0	26371056	0	0	12091	Mozilla/5.0 (Windows NT 6.1; WOW64; rv:31.0) Gecko/20130401 Firefox/31.0
4	6	6	0	2	26371094	0	26371094	26356899	0	26356899	77098	Mozilla/5.0 (iPhone; CPU iPhone OS 10_3_1 like Mac OS X) AppleWebKit/603.1.30 (KHTML, like Gecko) Version/10.0 Mobile/14E304 Safari/602.1
4	168	2	1	21	26443295	26443261	26443292	26410705	26443261	26410705	11146805	Mozilla/5.0 (iPhone; CPU iPhone OS 13_2_3 like Mac OS X) AppleWebKit/605.1.15 (KHTML, like Gecko) Version/13.0.3 Mobile/15E148 Safari/604.1
4	0	0	0	1	0	0	26371215	0	0	26371215	0	Mozilla/5.0 (X11; Linux x86_64) AppleWebKit/537.36 (KHTML, like Gecko) Chrome/49.0.2623.75 Safari/537.36 Google Favicon
4	0	0	0	7	0	0	26371036	0	0	26371030	0	Mozilla/5.0 (X11; Linux x86_64) AppleWebKit/537.36 (KHTML, like Gecko) Chrome/71.0.3578.98 Safari/537.36
4	1	1	0	0	26371059	0	0	26371059	0	0	12104	Mozilla/5.0 (Windows NT 10.0; WOW64) AppleWebKit/537.36 (KHTML, like Gecko) Chrome/53.0.2785.143 Safari/537.36
4	0	0	0	1	0	0	26371057	0	0	26371057	0	Mozilla/5.0 (Windows NT 10.0; Win64; x64) AppleWebKit/537.36 (KHTML, like Gecko) Chrome/53.0.2785.116 Safari/537.36
4	0	0	0	2	0	0	26371094	0	0	26371019	0	Mozilla/5.0 (Windows NT 10.0; Win64; x64) AppleWebKit/537.36 (KHTML, like Gecko) Chrome/64.0.3282.186 Safari/537.36
4	5	5	0	3	26371019	0	26371019	26356899	0	26356911	41493	Mozilla/5.0 (Linux; U; Android 4.4.2; en-us; SCH-I535 Build/KOT49H) AppleWebKit/534.30 (KHTML, like Gecko) Version/4.0 Mobile Safari/534.30
4	1	1	0	0	26356953	0	0	26356953	0	0	11727	Mozilla/5.0 (Linux; Android 8.0.0; Pixel XL Build/OPR1.170623.027) AppleWebKit/537.36 (KHTML, like Gecko) Chrome/61.0.3163.98 Mobile Safari/537.36
4	26	26	0	6	26455553	0	26443899	26404834	0	26405037	575925	Mozilla/5.0 (compatible; Nimbostratus-Bot/v1.3.2; http://cloudsystemnetworks.com)
4	1	0	0	0	26358069	0	0	26358069	0	0	11741	Mozilla/5.0 Mozilla/5.0 (Windows NT 6.0; rv:43.0) Gecko/20150714 Firefox/43.0
4	2	2	0	0	26356934	0	0	26356899	0	0	36747	Mozilla/5.0 (Windows NT 10.0; Win64; x64) AppleWebKit/537.36 (KHTML, like Gecko) Chrome/58.0.3029.110 Safari/537.36 Edge/16.16299
4	0	0	0	1	0	0	26371031	0	0	26371031	0	Mozilla/5.0 (X11; Ubuntu; Linux x86_64; rv:69.0) Gecko/20100101 Firefox/69.0, Mozilla/5.0 (X11; Ubuntu; Linux x86_64; rv:65.0) Gecko/20100101 Firefox/65.0
4	2	2	0	0	26371019	0	0	26356899	0	0	38615	Mozilla/5.0 (Windows NT 6.1; Win64; x64) AppleWebKit/537.36 (KHTML, like Gecko) Chrome/64.0.3282.186 Safari/537.36
4	10	10	0	13	26372810	0	26377597	26357899	0	26357949	154328	Mozilla/5.0 (X11; Ubuntu; Linux x86_64; rv:58.0) Gecko/20100101 Firefox/58.0
4	1	1	0	0	26356916	0	0	26356916	0	0	71	Mozilla/5.0 (Windows NT 6.1; WOW64) AppleWebKit/537.36 (KHTML, like Gecko) Chrome/53.0.2785.116 Safari/537.36
4	16	1	2	1	26443260	26443259	26443254	26443254	26443259	26443254	1393076	Mozilla/5.0 (Windows NT 10.0; Win64; x64) AppleWebKit/537.36 (KHTML, like Gecko) Chrome/80.0.3987.163 Safari/537.36
4	0	0	0	1	0	0	26358069	0	0	26358069	0	Mozilla/5.0 (compatible; MSIE 10.0; Windows NT 5.1; Trident/3.0)
4	118	36	0	7	26369910	0	26369901	26366967	0	26366967	677234	Mozilla/5.0 (Windows NT 10.0; Win64; x64) AppleWebKit/537.36 (KHTML, like Gecko) Chrome/80.0.3987.106 Safari/537.36
4	2	2	0	1	26439543	0	26439548	26439254	0	26439548	74934	Go http package
4	5	5	0	3	26431500	0	26431542	26430673	0	26431094	27991	Mozilla/5.0 (X11; Linux x86_64) AppleWebKit/537.36 (KHTML, like Gecko) Chrome/78.0.3904.108 Safari/537.36
4	1	1	0	1	26357000	0	26356983	26357000	0	26356983	11734	Mozilla/5.0 (Linux; Android 6.0.1; Nexus 6P Build/MMB29P) AppleWebKit/537.36 (KHTML, like Gecko) Chrome/44.0.2403.133 Mobile Safari/537.36
4	7	7	0	0	26371019	0	0	26356899	0	0	151164	Mozilla/5.0 (Macintosh; Intel Mac OS X 10_12_6) AppleWebKit/537.36 (KHTML, like Gecko) Chrome/64.0.3282.186 Safari/537.36
4	1	1	0	0	26356945	0	0	26356945	0	0	71	Mozilla/5.0 (Linux; Android 4.4.3; KFTHWI Build/KTU84M) AppleWebKit/537.36 (KHTML, like Gecko) Silk/47.1.79 like Chrome/47.0.2526.80 Safari/537.36
4	138	5	0	31	26377251	0	26377234	26371268	0	26371268	927763	Mozilla/5.0 (Windows NT 10.0; Win64; x64) AppleWebKit/537.36 (KHTML, like Gecko) Chrome/80.0.3987.116 Safari/537.36
4	269	3	0	31	26424523	0	26424523	26420247	0	26420247	42281485	Mozilla/5.0 (Windows NT 10.0; Win64; x64) AppleWebKit/537.36 (KHTML, like Gecko) Chrome/80.0.3987.149 Safari/537.36
4	4	4	0	0	26371094	0	0	26356899	0	0	74291	Mozilla/5.0 (Windows NT 6.1; WOW64; Trident/7.0; rv:11.0) like Gecko
4	1	0	0	0	26358069	0	0	26358069	0	0	11736	Mozilla/5.0 (Windows NT 6.0) AppleWebKit/5310 (KHTML, like Gecko) Chrome/29.0.892.0 Safari/5310
4	0	0	0	1	0	0	26371597	0	0	26371597	0	Mozilla/5.0 (Windows NT 5.0) AppleWebKit/5351 (KHTML, like Gecko) Chrome/44.0.813.0 Safari/5351
4	0	0	0	1	0	0	26358069	0	0	26358069	0	Mozilla/5.0 (Windows NT 6.1) AppleWebKit/5310 (KHTML, like Gecko) Chrome/18.0.879.0 Safari/5310
4	0	0	0	1	0	0	26358069	0	0	26358069	0	Mozilla/5.0 (X11; Linux x86_64) AppleWebKit/5331 (KHTML, like Gecko) Chrome/52.0.879.0 Safari/5331
4	4	4	0	0	26371111	0	0	26356899	0	0	0	python-requests/2.21.0
4	2044	61	103	301	26410703	26410253	26410703	26397206	26397228	26397206	222930923	Mozilla/5.0 (Windows NT 10.0; Win64; x64) AppleWebKit/537.36 (KHTML, like Gecko) Chrome/80.0.3987.132 Safari/537.36
4	3	3	0	0	26371094	0	0	26356911	0	0	40566	Mozilla/5.0 (Macintosh; Intel Mac OS X 10_12_6) AppleWebKit/604.5.6 (KHTML, like Gecko) Version/11.0.3 Safari/604.5.6
4	4	4	0	5	26371019	0	26371094	26356899	0	26356934	110896	Mozilla/5.0 (Linux; Android 7.0; SM-G930V Build/NRD90M) AppleWebKit/537.36 (KHTML, like Gecko) Chrome/59.0.3071.125 Mobile Safari/537.36
4	52	5	1	7	26420272	26407557	26420264	26399990	26407557	26399990	2905189	Mozilla/5.0 (Linux; Android 9; CLT-L09) AppleWebKit/537.36 (KHTML, like Gecko) Chrome/80.0.3987.99 Mobile Safari/537.36
4	1	1	0	0	26371051	0	0	26371051	0	0	1939	Mozilla/5.0 (Macintosh; Intel Mac OS X 10_12_6) AppleWebKit/537.36 (KHTML, like Gecko) Chrome/60.0.3112.113 Safari/537.36
4	2	2	0	1	26371037	0	26371057	26356945	0	26371057	2010	Mozilla/5.0 (iPad; CPU OS 10_3_3 like Mac OS X) AppleWebKit/603.3.8 (KHTML, like Gecko) Version/10.0 Mobile/14G60 Safari/602.1
4	0	0	0	1	0	0	26358069	0	0	26358069	0	Mozilla/5.0 (compatible; MSIE 9.0; Windows NT 6.0; Trident/4.0)
4	0	0	0	1	0	0	26371597	0	0	26371597	0	Mozilla/5.0 (Windows NT 5.1) AppleWebKit/5351 (KHTML, like Gecko) Chrome/51.0.826.0 Safari/5351
4	12	3	0	6	26410704	0	26410704	26410704	0	26410704	978096	Mozilla/5.0 (Linux; Android 8.0; Pixel 2 Build/OPD3.170816.012) AppleWebKit/537.36 (KHTML, like Gecko) Chrome/80.0.3987.132 Mobile Safari/537.36
4	3	3	0	1	26371019	0	26371019	26356911	0	26371019	40554	Mozilla/5.0 (Windows NT 10.0; Win64; x64; rv:58.0) Gecko/20100101 Firefox/58.0
4	4	4	0	3	26371094	0	26371019	26356911	0	26356899	5888	Mozilla/5.0 (Macintosh; Intel Mac OS X 10.13; rv:58.0) Gecko/20100101 Firefox/58.0
5	0	0	0	1	0	0	26414012	0	0	26414012	0	209.17.97.82
5	1	1	0	0	26439422	0	0	26439422	0	0	37461	104.206.128.30
5	1	1	0	0	26442016	0	0	26442016	0	0	1264	209.17.96.170
5	0	0	0	1	0	0	26371215	0	0	26371215	0	66.249.83.92
5	10	10	0	4	26371019	0	26371019	26356899	0	26356899	154328	69.4.87.74
5	1	1	0	0	26439150	0	0	26439150	0	0	1264	104.206.128.22
5	0	0	0	2	0	0	26421512	0	0	26411618	0	209.17.96.26
5	5	1	0	1	26371268	0	26371268	26371268	0	26371268	16258	172.20.1.157
5	68	2	0	18	26377251	0	26377234	26371752	0	26371752	710030	115.69.180.92
5	1	1	0	0	26421910	0	0	26421910	0	0	37461	209.17.97.122
5	1	1	0	0	26450739	0	0	26450739	0	0	1264	209.17.97.66
5	133	35	1	25	26397415	26397228	26397387	26397206	26397228	26397206	1631754	172.20.1.154
5	1	1	0	0	26356916	0	0	26356916	0	0	71	38.145.92.50
5	1	1	0	0	26356953	0	0	26356953	0	0	11727	181.215.218.107
5	1	1	0	0	26423794	0	0	26423794	0	0	37461	209.17.96.154
5	535	8	5	65	26443295	26443261	26443292	26402860	26407557	26402860	66250302	139.180.107.29
5	2	2	0	0	26431332	0	0	26430031	0	0	38725	209.17.97.58
5	1	1	0	0	26371037	0	0	26371037	0	0	1939	181.214.249.60
5	0	0	0	3	0	0	26371030	0	0	26371030	0	168.90.245.47
5	1	1	0	0	26431500	0	0	26431500	0	0	12096	163.172.154.242
5	10	10	0	4	26371094	0	26371094	26356934	0	26356934	154328	93.119.227.19
5	1	1	0	1	26366967	0	26366967	26366967	0	26366967	71	172.20.0.166
5	0	0	0	4	0	0	26371036	0	0	26371036	0	193.168.222.174
5	1	1	0	0	26371056	0	0	26371056	0	0	12091	38.145.93.4
5	0	0	0	1	0	0	26371057	0	0	26371057	0	104.227.135.182
5	4	4	0	2	26372787	0	26374973	26357922	0	26373845	75374	62.210.5.253
5	0	0	0	2	0	0	26377164	0	0	26373565	0	62.210.10.77
5	1	1	0	0	26434787	0	0	26434787	0	0	37461	209.17.96.122
5	99	1	17	37	26410253	26410253	26410223	26410107	26410223	26410107	8159465	172.20.1.117
5	1	1	0	0	26455553	0	0	26455553	0	0	1264	209.17.96.2
5	2	2	0	0	26411681	0	0	26408956	0	0	74934	209.17.97.26
5	3	3	0	2	26372810	0	26377597	26372772	0	26376132	41351	163.172.70.242
5	2	0	0	6	26358069	0	26371597	26358069	0	26358069	23477	5.8.10.202
5	265	1	7	46	26407380	26407328	26407380	26407231	26407293	26407231	35274814	172.20.1.76
5	2	2	0	0	26449771	0	0	26445325	0	0	2528	209.17.96.114
5	1	1	0	0	26371110	0	0	26371110	0	0	0	213.61.215.54
5	1	1	0	0	26434399	0	0	26434399	0	0	1264	209.17.97.18
5	1	1	0	0	26371051	0	0	26371051	0	0	1939	38.131.154.98
5	1	1	0	0	26420196	0	0	26420196	0	0	37473	209.17.96.106
5	1	1	0	0	26357000	0	0	26357000	0	0	11734	206.80.112.113
5	22	1	0	1	26398618	0	26398589	26398589	0	26398589	27826	172.20.1.64
5	0	0	0	1	0	0	26371031	0	0	26371031	0	168.90.245.220
5	1	1	0	0	26371111	0	0	26371111	0	0	0	185.220.101.74
5	1	1	0	0	26431419	0	0	26431419	0	0	37473	209.17.97.10
5	2	2	0	1	26372746	0	26357949	26357899	0	26357949	37532	195.154.63.222
5	0	0	0	1	0	0	26373656	0	0	26373656	0	51.255.109.174
5	0	0	0	1	0	0	26376988	0	0	26376988	0	51.255.109.172
5	1	1	0	0	26439543	0	0	26439543	0	0	37461	104.140.188.46
5	1	1	0	0	26439483	0	0	26439483	0	0	37473	104.140.188.2
5	1	1	0	0	26414306	0	0	26414306	0	0	37461	209.17.96.98
5	1	1	0	0	26443597	0	0	26443597	0	0	37461	209.17.96.242
5	1	1	0	0	26356945	0	0	26356945	0	0	71	191.96.85.157
5	632	16	8	78	26410735	26409259	26410735	26397655	26404785	26397655	61977320	203.109.149.176
5	1	1	0	0	26371059	0	0	26371059	0	0	12104	191.96.87.11
5	9	1	0	1	26417320	0	26417319	26417319	0	26417319	664702	118.148.80.255
5	1	1	0	0	26404834	0	0	26404834	0	0	37473	209.17.96.234
5	1	1	0	0	26356900	0	0	26356900	0	0	0	185.220.101.51
5	1	1	0	1	26430997	0	26431094	26430997	0	26431094	1264	51.15.241.250
5	1	1	0	0	26415842	0	0	26415842	0	0	1290	209.17.96.226
5	0	0	0	1	0	0	26371057	0	0	26371057	0	38.145.95.97
5	1	1	0	0	26371052	0	0	26371052	0	0	1939	181.214.189.25
5	0	0	0	1	0	0	26356983	0	0	26356983	0	207.70.60.21
5	834	7	69	111	26402242	26402242	26402240	26399990	26402053	26399990	107592920	139.180.118.98
5	1	1	0	4	26357938	0	26375757	26357938	0	26372768	71	195.154.62.232
5	0	0	0	1	0	0	26440296	0	0	26440296	0	104.140.188.22
5	8	1	0	1	26401506	0	26401498	26401498	0	26401498	12188	172.20.1.216
5	0	0	0	1	0	0	26405037	0	0	26405037	0	209.17.96.218
5	1	1	0	0	26440805	0	0	26440805	0	0	37461	209.17.97.2
5	117	35	0	6	26369910	0	26369901	26369799	0	26369797	677163	172.20.0.252
5	10	10	0	4	26371019	0	26371019	26356899	0	26356899	154328	93.119.227.91
5	1	1	0	0	26439254	0	0	26439254	0	0	37473	104.206.128.66
5	1	1	0	0	26430909	0	0	26430909	0	0	1264	163.172.164.113
5	2	2	0	0	26430795	0	0	26430673	0	0	13367	51.158.102.212
5	10	10	0	4	26371019	0	26371019	26356911	0	26356911	154328	69.4.89.106
5	1	1	0	1	26423974	0	26428823	26423974	0	26428823	37473	209.17.96.210
5	1	1	0	0	26409705	0	0	26409705	0	0	1256	209.17.96.202
5	0	0	0	1	0	0	26439548	0	0	26439548	0	104.206.128.50
5	65	2	0	12	26377097	0	26377100	26377023	0	26377023	201475	172.20.1.186
5	0	0	0	1	0	0	26443899	0	0	26443899	0	209.17.96.186
5	1	1	0	0	26444042	0	0	26444042	0	0	37473	209.17.96.50
5	0	0	0	2	0	0	26431542	0	0	26431525	0	51.158.114.198
5	3	3	0	0	26455245	0	0	26423487	0	0	40005	209.17.96.178
5	1	1	0	0	26356899	0	0	26356899	0	0	0	162.247.74.216
5	24	4	0	2	26400086	0	26400067	26400034	0	26400034	44283	172.20.1.172
5	1	1	0	0	26356945	0	0	26356945	0	0	71	45.40.122.212
z	0	224	4	26424520	0
z	1	18	0	26407317	35
z	2	43	19	26405784	2367
z	3	606	28	26443292	281360
z	4	978	120	26455553	3026594
z	5	243	45	26444042	5784839
z	6	807	0	26443292	275749227
c	200	2725	26455553
c	301	1	26397228
c	302	106	26443261
c	304	194	26424520
c	401	55	26443899
c	404	376	26443292
c	500	32	26402031
